0.430180 0.489042 0.458408
0.427658 0.489374 0.458039
0.430790 0.488895 0.458331
0.428661 0.489311 0.458356
0.431841 0.488759 0.458481
0.422449 0.490325 0.457941
0.421323 0.490561 0.457986
0.422059 0.490364 0.457853
0.432635 0.488630 0.458525
0.425590 0.489818 0.458160
0.430696 0.488946 0.458413
0.425277 0.489858 0.458112
0.425981 0.489705 0.458064
0.430253 0.489062 0.458489
0.434696 0.488360 0.458796
0.429105 0.489241 0.458394
0.424298 0.490010 0.458028
0.435848 0.488110 0.458680
0.426030 0.489801 0.458324
0.433974 0.488416 0.458609
0.425503 0.489825 0.458136
0.427327 0.489521 0.458247
0.428156 0.489347 0.458207
0.430745 0.488997 0.458560
0.418764 0.490846 0.457491
0.432331 0.488712 0.458587
0.425891 0.489708 0.458030
0.421160 0.490569 0.457930
0.434988 0.488307 0.458798
0.433199 0.488541 0.458562
0.419597 0.490768 0.457687
0.429502 0.489199 0.458476
0.427045 0.489553 0.458192
0.432402 0.488702 0.458594
0.418468 0.491009 0.457732
0.432003 0.488740 0.458506
0.431254 0.488832 0.458393
0.428661 0.489259 0.458231
0.436467 0.488090 0.458913
0.428139 0.489456 0.458471
0.431563 0.488817 0.458497
0.426936 0.489561 0.458160
0.432172 0.488714 0.458519
0.442245 0.487194 0.459216
0.429646 0.489048 0.458175
0.424246 0.490128 0.458288
0.441276 0.487271 0.458979
0.430470 0.489073 0.458617
0.431326 0.488848 0.458465
0.430994 0.488912 0.458469
